-2.86932811665
80.4111084089
141.369745263
-163.983244673
11.6275623824
97.651382044
24.2520660827
33.6042249754
32.753635095
0.0851997634258
124.226459469
186.586441731
128.628108191
18.349851365
86.0269805954
79.8295133724
105.212964693
80.7908247356
20.6579209532
19.4859762916
116.635519364
202.821046737
59.4199495849
131.288264555
119.351918952
85.5160762493
126.550610386
-227.152673142
149.688763776
122.190295457
93.9595027444
76.9597759395
104.668801104
159.723493203
120.822471117
129.483702658
164.238614977
-9.14379334341
41.2294196882
66.1652435904
39.9478507675
196.747588275
18.7975131495
42.1209442254
140.437054613
42.3266227016
-21.3865423597
42.0503383457
52.2974059238
47.340251243
-2120.22636963
129.723660649
-284.83098667
37.4302080185
110.38801775
120.690776502
55.8058318862
-19.311681981
190.79342166
136.669613031
178.823454904
114.010677499
111.247628265
95.977484204
-11.9189923198
-67.67420663
82.1659046887
-583.919840313
81.6711195991
64.9898334696
33.1721539326
103.171790365
106.539669668
56.6904642247
-276.740154519
94.9072371875
71.0812747506
113.502577063
-32.2154892092
107.908378627
48.1164021831
92.6094193755
100.984072652
61.2004967041
41.7846593903
25.397352854
31.7382973079
126.744770916
111.583469267
49.8199090928
26.3106074224
127.832942021
27.5645008203
164.98397755
-53.0252905261
116.31228451
62.9125889479
147.597973135
13.5685195189
104.843697437
