92.6593136689
-288.929784212
-302.687870369
-301.974205608
-301.974205608
112.975794513
117.014219281
111.547312885
80.3779962216
156.612017573
149.612017573
130.94270091
106.047312885
149.612017573
111.547312885
156.612017573
156.612017573
149.612017573
111.547312885
111.547312885
149.612017573
117.014219281
111.547312885
106.047312885
111.547312885
106.047312885
149.612017573
130.94270091
149.612017573
112.975794513
112.975794513
117.014219281
149.612017573
111.547312885
111.547312885
149.612017573
80.3779962216
112.975794513
149.612017573
117.014219281
112.975794513
111.547312885
130.94270091
80.3779962216
117.014219281
80.3779962216
149.612017573
117.014219281
156.612017573
130.94270091
111.547312885
111.547312885
112.975794513
156.612017573
111.547312885
149.612017573
80.3779962216
106.047312885
106.047312885
117.014219281
130.94270091
149.612017573
156.612017573
130.94270091
129.514219281
156.612017573
149.612017573
130.94270091
130.94270091
149.612017573
149.612017573
80.3779962216
112.975794513
156.612017573
106.047312885
156.612017573
112.975794513
149.612017573
112.975794513
156.612017573
112.975794513
130.94270091
130.94270091
112.975794513
112.975794513
117.014219281
130.94270091
156.612017573
130.94270091
156.612017573
130.94270091
117.014219281
156.612017573
80.3779962216
117.014219281
156.612017573
129.514219281
129.514219281
111.547312885
106.047312885
117.014219281
80.3779962216
129.514219281
112.975794513
129.514219281
