151.041033722
151.041033722
151.041033722
151.041033722
151.041033722
151.041033722
151.041033722
151.041033722
151.041033722
151.041033722
151.041033722
151.041033722
151.041033722
151.041033722
151.041033722
151.041033722
151.041033722
151.041033722
151.041033722
151.041033722
151.041033722
151.041033722
151.041033722
151.041033722
151.041033722
151.041033722
151.041033722
151.041033722
151.041033722
151.041033722
151.041033722
151.041033722
151.041033722
151.041033722
151.041033722
151.041033722
151.041033722
151.041033722
151.041033722
151.041033722
151.041033722
151.041033722
151.041033722
151.041033722
151.041033722
151.041033722
151.041033722
151.041033722
151.041033722
151.041033722
151.041033722
151.041033722
151.041033722
151.041033722
151.041033722
151.041033722
151.041033722
151.041033722
151.041033722
151.041033722
151.041033722
151.041033722
151.041033722
151.041033722
151.041033722
151.041033722
151.041033722
151.041033722
151.041033722
151.041033722
151.041033722
151.041033722
151.041033722
151.041033722
151.041033722
151.041033722
151.041033722
151.041033722
151.041033722
151.041033722
151.041033722
151.041033722
151.041033722
151.041033722
151.041033722
151.041033722
151.041033722
151.041033722
151.041033722
151.041033722
151.041033722
151.041033722
151.041033722
151.041033722
151.041033722
151.041033722
151.041033722
151.041033722
151.041033722
151.041033722
143.297762448
